51493
9443
10629
122704
6421
9203
6598
55505
26986
80173
6632
6144
23186
4712
83746
54556
4726
5119
2647
25920
988
30849
29979
55958
10051
9184
25942
6427
1876
6128
1487
4609
57132
5203
4716
9255
7750
8189
9612
27097
57187
23435
51112
4691
10573
4849
54433
57508
11051
4297
1479
56945
11284
1022
23244
29894
5435
10799
6605
6502
25839
6618
4731
27243
5702
26146
54534
5928
11243
4299
29074
4724
55112
5684
54951
4701
6181
10092
4791
10490
55166
11143
57459
201595
27095
55355
23404
124995
22796
10248
11130
55274
23334
8932
25929
521
26258
65993
51258
8894
5469
84759
5692
79718
6185
898
10095
9837
25873
3376
7818
348995
9031
56655
4793
10788
6637
10025
8841
5713
65008
10576
1968
5981
4298
9343
55599
2968
6732
51147
5705
5714
2521
4173
8893
5710
51520
29079
91949
51691
513
57129
65082
6142
5977
51586
71
51263
51079
5971
10971
6601
64976
2956
6880
5716
832
5700
54891
10240
6314
10717
80145
5984
3609
26589
5434
3312
23279
9862
51639
7155
7517
60684
79595
79682
9070
6597
6625
6595
8667
4802
23246
10467
9112
4714
10884
892
54973
23307
3187
84108
64978
51542
10302
6840
8533
51649
5695
6875
506
83696
6143
51642
8673
509
57082
57804
23431
6205
23354
79019
6627
8663
23016
51439
9739
6990
81929
83548
9984
5687
79590
10094
51373
6642
79960
5422
90410
10987
11052
1937
55759
54948
4361
4000
90293
55967
580
11066
5929
5437
57332
91272
2289
10992
65057
4300
115106
5926
23587
2146
7153
8243
54386
2976
3192
4605
63875
25885
55954
5889
22878
57122
128866
79913
9861
10575
23412
6400
5518
123169
140735
25813
27339
112869
11331
8907
10403
10847
6616
65080
64928
54539
10454
5438
55610
143098
30827
8546
9341
8891
22976
23557
9329
26122
27257
8473
5707
60
63922
5289
292
9987
91750
79980
51317
55081
81887
9559
200081
22936
3066
8295
5931
51367
1207
196528
51742
10393
811
1912
1643
53981
7764
5890
5901
85456
4627
64965
51412
54107
55052
5719
1024
57020
116540
6135
4683
57504
10426
2547
6161
64963
2091
51021
54468
7529
8065
514
55689
56912
4175
84312
85403
22938
64151
55257
7405
23054
6599
55746
4800
8655
9219
51098
27043
28998
7290
5701
57728
1736
55957
7965
54797
64432
10947
10651
387680
5682
5688
84447
51434
5933
81857
126003
6137
84376
10001
123016
55578
51122
4736
2963
25852
2130
51003
51699
79813
7469
4698
55168
55770
1108
5884
55167
8666
10146
8450
498
7013
9328
10956
5111
2967
5711
26168
4087
1653
84296
6130
65005
829
4848
6619
8451
51692
401541
10036
84164
11222
8850
23310
6132
8535
11133
55142
79441
53615
11140
10006
7533
8819
2957
4790
10142
10111
54960
79726
5966
9646
3516
5431
23020
5576
54148
282991
5715
51013
10048
9968
5519
9611
10296
25855
6136
117143
5515
57819
10989
64425
9150
4171
5693
5432
28991
6804
79760
83443
6636
1488
6150
64105
86
57117
5689
81
7014
6879
118426
10632
5690
54512
80789
55737
9440
50855
6155
23355
10980
26173
80152
8464
8678
6399
5892
51081
55651
6118
5439
79090
9553
10557
80349
2873
51002
1650
7132
5985
25913
1025
4643
60412
11171
8453
23176
51264
55756
29088
91687
701
5721
23649
51616
128308
29110
8089
7124
55846
2187
119032
128869
9337
8777
93624
149371
5562
1665
9775
9425
29945
26610
6837
23199
64960
5934
54801
2491
79036
5425
64946
11157
51650
672
25904
22794
94005
4728
23047
6207
51010
983
4801
112950
8518
83860
10775
57405
23265
64795
9318
4001
56970
147841
85378
140462
51082
25978
339287
6617
150737
10026
10574
84321
1107
6156
8517
51659
79003
64398
4331
891
5433
55661
55839
132660
6293
51503
523
7520
10362
84678
6877
65003
5717
5537
22803
4711
130340
10640
22870
5704
526
1810
149951
5393
115752
26277
10919
55212
8892
23450
4729
55763
23107
991
5394
8665
10521
1660
908
9897
8668
890
9551
10943
1163
5356
6138
10933
6844
6885
10419
84219
10163
6874
9412
5591
1017
2874
3320
116541
51386
6117
8669
10093
51253
6633
23524
8452
8733
51510
7203
6873
8100
23421
219541
3735
222255
9701
64343
5686
1027
9416
9125
7515
5970
5708
9330
10474
9382
121536
5725
57539
10274
54815
388552
84545
10207
4172
9392
29099
5571
10010
3622
154007
5564
9939
55571
10466
1147
6603
5436
93973
389541
28973
8208
7411
9013
10053
4710
114791
55120
2961
23325
29882
55559
84172
57325
8661
23338
6184
10200
64426
2648
8906
55764
5720
83444
6780
4904
54892
1654
4792
10081
23118
4709
58485
996
63915
902
55644
3551
9015
51433
10787
6872
219927
64983
28952
6124
11340
23067
10138
7109
583
246175
10286
63931
5202
79172
143187
9801
11100
64792
50628
4163
4798
2966
55435
9441
4704
6935
51400
6182
79902
729991
2068
5427
84303
6878
9839
9913
989
57634
51187
3065
51397
55193
6154
5245
5430
55275
6602
4869
905
3980
51693
28977
51138
259282
92105
8881
8675
7919
80012
51562
11091
3308
27125
4141
3054
283742
6119
1967
5982
6426
10642
55588
5424
10471
10973
4715
522
8943
27241
29117
10849
9643
4723
57492
4928
4540
8085
1915
10844
4670
23028
5558
6604
515
64951
51690
51318
6881
89891
5983
3621
4088
64769
1615
4436
5685
79869
8664
10594
51497
51116
125476
23326
122553
6165
9045
1911
4174
25896
10291
10363
26985
56288
10920
7283
5885
11198
6129
6158
10856
6434
2960
64968
23673
740
6921
54460
25842
2965
54939
8178
64601
11154
5584
9521
5976
23451
27248
84246
3014
79833
118460
64949
5691
9282
8563
112936
28957
79075
55758
28956
6635
2958
84844
4176
8662
54859
5706
4725
55845
170622
127002
10524
4713
84311
64400
29102
5441
9442
7516
2071
26160
51069
6626
9477
64969
164
56915
55683
29978
6500
55173
9126
7531
51652
10902
57472
6923
6194
286826
23658
11218
55330
4720
5557
81572
4695
5917
29911
26512
80314
4707
54487
10735
8487
6168
4696
25804
6741
64981
80233
29883
10262
3326
54881
54617
10592
9978
3364
4700
5709
84289
6239
27335
3646
79577
10228
9439
8905
10556
10476
64975
28981
1058
51008
84148
1174
6164
55752
57617
8233
9918
7027
4343
51023
50813
10480
112858
22948
5440
57511
4702
5566
6045
27072
29093
11336
84062
10097
374291
84067
9658
6950
23512
4719
11102
10445
10250
26009
6883
84458
55929
400569
1478
5694
10213
1176
5718
6015
64431
54880
4722
23429
55250
57560
5201
10801
6643
6907
4116
904
8697
57418
84342
5426
9794
150684
648
5683
9014
