604	9759
604	10014
604	51564
2033	1387	8850	8202
10592	23397	9918	64151	10051
3257	89781
79803	84343	11234
1040	80198
8841	6907	9611	2874	7464	79718
23557	2647	388552	282991	63915	84062	55330	26258
10095	10109	10094	10092	10093	10096	10097
10197
5720	5721
5717	5718	5715	10213	5709	5716	5702	5701	5704	5714	5713	5710	5700	5705	5706	5708	9861	5711	5707	5719
10471	5201	7411	5204	5203	5202
164	8906	8905	1174	162	130340	8907	10053
9219	53615	604	3065	57504
5663	23385	51107	55851
5663	23385	51107	55851
8467	24137	10592	3065	25942	10051	1789
5868	9135	27342
10284	8819	5928	3065	5931	3066	25942
5595	9759
5594	9759
8841	6907	2874	79718	9612
8546	8943	10947	10239	8120	1176	26985
6772	6773	10379
9219	53615	5928	3065	1108	5931	3066
9219	53615	5928	3065	1108	5931	3066	8932
5885	8243	10274	9126
5885	8243	10735	9126
9282	9862	7067	5469	9968	9440	9967	10025
9179	23431	11154	10717
5890	5889	7516	5892
4683	4361	10111
4361	10111
4683	4361	10111
7220	3710	9454
7249	7248
9978	6500	6502	8454
9978	6500	9820	26259
8289	6597	60	6598	10498	6601	6599	6605	6602	57410
4928	6396	57122	23279	348995	79023	55746	81929	79902
10640	11336	149371	54536	60412	55770	55763	23265
2189	2175	2176	2188
940	4691
996	8881	64682	8697	51434	51433	29945	29882
8467	11177
2547	7520	80155
996	8881	64682	8697	51434	51433	29945	29882	10393
7157	4193	2033
6594	5928	2186	5931
5433	2963	2068	5432	5434	2071	6908	5430	2960	2961	5431	2965	2962	5438	5437	5439	5440	5435	5436	5441	2959	2966	2967	2968
5433	5432	5434	5430	5431	5438	5437	5439	5440	5435	5436	5441
8726	5928	23512	2146	5931
2068	2071	2965	1022	902	4331	2966	2967	2968
10471	5201	7411	5204	5203	5202
10302	6618	6617	6621	6619
8535	8467	3303	648	1911	6015	84733	1912	80012	22955	6045	57332
8535	8467	3303	7528	648	1911	6015	84733	1912	80012	22955	6045	57332
2767	2776	975	2782	9289
5277	5283	5279	9091
4049	4055	4050
10248	10799	11102	10775	10557	10556	51367	10940	54913	79897
6950	908	22948	7203	10694	10575	10576	10574
10403	147841	83540	57405
835	8738	55367
7013	7014	65057	26277	25913	54386
4005	4808	8861	None
682	5663	23385	51107	55851
322	351	4035
164	8906	8905	1174	162	55435	130340	8907	10053
86	6597	60	6598	196528	55193	6601	6599	6605	6602
2960	2961
2963	2962
6874	6908	6872	6878	6881	6877	6882	6880	6873
50628	84447	79139
10592	23397	9918	64151	10051
10592	142	7515	23397	9918	64151	10051
10592	23310	29781	54892	10051
91949	22796	9382	83548	84342	25839	10466	57511
5885	8243	10735	9126
5885	8243	10274	9126
5885	8243	10274	9126
5885	8243	10735	9126
10592	23397	9918	64151	10051
4683	4361	10111
8473	66008	22906
4728	4697	4706	4694	4724	4711	4709	4717	4695	4725	374291	4720	4726	4707	4722	4712	4696	4710	4714	4708	4701	4718	4705	4716	4535	4536	4537	4539	4540	4541	4713	4729	4719	4723	4702	4731	4700	4698	4704	126328	54539	51079	55967	4715
5499	5514
5688	5702	5689	5682	5683	5684	5685	5686	5692	5694	5693	5701	5704	5691	5690	5710	5687	5700	5705	5706	5695	5719
23191	10006	55845	10787	10163
8289	51412	86	6595	6597	60	71	6598	57492	6601	6599	6605	6602
9184	701	991	4085
5688	5689	5682	5683	5684	5685	5686	5692	5694	5693	5691	5690	5687	5695
5688	5689	5682	5683	5684	5685	5686	5692	5694	5693	5691	5690	5687	5720	5695	5721
5717	5718	5715	10213	5688	5709	5716	5702	5689	5682	5683	5684	5685	5686	5692	5694	5693	5701	5704	5714	5691	5690	5713	5710	5687	5700	5705	5706	5720	5708	9861	5711	5695	5707	5721	5719
5688	5689	5682	5683	5684	5685	5686	5692	5694	5693	5691	5690	5687	10197	5695
672	580
4683	672	4361	10111
7428	9978	8453	6921	6923
3981	7518
6921	6923	8065	51676	9616
6921	6923	8065	9616	51665
6921	6923	8065	140459	9616
6921	6923	8065	140460	9616
6921	6923	142689	8065	9616
7515	3980
7515	3981
9978	6921	6923	8065	26118
9443	9282	9862	9441	5469	9442	9440	9439
9443	9282	9862	9441	5469	9442	9440	9439
9978	8454	55832
4869	10075	1029
9978	8453	55832
9978	8452	55832
9978	8451	55832
9978	8450	55832
6500	6502	8454
6500	8454	8945
9282	9862	10001	892	1024	9412	5469	51003
9282	10001	892	1024	9412	84246	9439
219541	9443	9282	9862	10001	9441	892	1024	9412	6837	5469	9442	23389	81857	9968	112950	90390	51586	84246	54797	23097	80306	9477	29079	9440	55090	55588	400569	9969	9439	10025	51003
9443	9282	9862	10001	9441	5469	81857	9968	112950	51586	29079	9440	9969	27034	9439
8467	54107	54108	11177
8467	9031
8289	86	672	6595	6597	6598	6601	6599	6603	6605
672	5932	59348
3257	89781
672	83990
983	891	10928
2189	2175	6118	6117	6119	4292	641	2176	7156	80010	2178	2188	55120
2189	2175	2176	80233	2187	80010	2178	2188	55120
4292	641	7156	80010
160	891	8650	10928	29924
2189	2175	6118	6117	6119	641	2176	7156	2178	2188	55120
5890	5889	7516	5892
5889	7517
5889	7517
84057	29893
5890	5889
5890	5889	7516	5892
5889	7517
5890	5889
5890	5889	7517	7516	5892
7516	5892
4361	10111
4361	10111
545	84126
5884	5984	5982	5985	5983
5810	3364	5883
5810	3364	5884	5984	5982	5985	5983	5883
5884	5984	5982	5985	5983
5810	3364	5883
5810	3364	5884	5984	5982	5985	5983	5883
5810	3364	5883
5810	3364	5883
5984	5982	5981	5985	5983
5984	5982	5985
5984	5982	5981	5985	5983
2597	3146	3312	3148	2923
7936	51497	25920	7469
5885	8467	9219	53615	5928	1107	9112	3065	8243	5931	10735	10274	3066	11177	8932	9126
10284	8819	5928	3065	5931	3066	25942
9443	9282	9862	10001	9441	9412	5469	81857	51586	9440	9439
5111	4292	5378
5111	4436	2956
9443	9282	9862	10001	892	1024	9412	5469	81857	9968	51586	9440	9969	9439
9443	9282	9862	10001	9441	892	1024	9412	5469	81857	9968	51586	9440	9969	9439
5111	4436	2956
5111	4292	4436	5395
4292	4436	5395
4292	5395
5111	5424	5425	10714	57804
328	6774	3091	4435
3661	4435
9443	9282	9862	10001	9412	9442	84246	9477	9440	9967	10025	51003
9443	9282	9862	10001	892	1024	9412	5469	9442	9968	84246	9477	9440	9969	9967	10025	51003
86	6929	54891	4798	125476	283899	10445	83444	93973	79913	54617	10856	8607
10467	8089	86	3015	6944	10847	55840	64431	10856	8607
6218	3921	6187	6192	6188	6206	6223	6232	6203	6193	6204	6224	6189	6201	6202	6210	6217	6208	6228	6222	6235	6207	6205	6191	6194	6209	6229	6230	6231	6234	2197	6233	6227
6176	6181	6175	6218	3921	6187	6165	6129	6139	6192	6188	6206	6137	6134	6136	6133	6146	6124	6223	6122	23521	6232	11224	6157	6125	6144	6158	6203	6193	6204	6159	6164	9045	6224	6189	6154	6138	6155	6168	6167	6201	6202	6210	6217	6208	6228	6222	6235	6207	6205	6130	6191	6147	6194	9349	6209	6229	6230	6231	6234	2197	6156	6170	6160	4736	6161	6135	6132	6171	6233	7311	6169	6227	6152	6173	6143	6142	6128	6141	25873
6176	6181	6175	6165	6129	6139	6137	6134	6136	6133	6146	6124	6122	23521	11224	6157	6125	6144	6158	6159	6164	9045	6154	6138	6155	6168	6167	6130	6147	9349	6156	6170	6160	4736	6161	6135	6132	6171	7311	6169	6152	6173	6143	6142	6128	6141	25873
9133	983	5111	891	595	1026
5111	595	1017	1026
1019	5111	595	1026
5111	595	896	1026	1020
5111	1026
6183	63931	7818	56945	64432	55173	None	64969	92259	64963	64960	54460	65993	64968	64965	23107	10240	64951	64949	10884	55168	51650	28957	51373	51081	51116	51021	51023	51649	28973
6183	63931	9553	11222	9801	7818	6182	56945	64432	55173	None	64969	92259	64963	64960	54460	65993	64968	64965	114294	10573	740	6150	51258	51069	116541	64928	219927	128308	124995	122704	64975	54534	84545	51263	23107	10240	79590	64978	64951	116540	51642	64981	84311	64983	55052	28998	65005	51073	65008	64949	51253	29074	26589	65080	57129	10884	64976	63875	55168	29093	54948	54148	51318	29088	64979	51264	51650	28957	51373	51081	51116	65003	51021	51023	51649	28973	28977
2547	7520	5591
9553	11222	9801	6182	114294	10573	740	6150	51258	51069	116541	64928	219927	128308	124995	122704	64975	54534	84545	51263	79590	64978	116540	51642	64981	84311	64983	55052	28998	65005	51073	65008	51253	29074	26589	65080	57129	64976	63875	29093	54948	54148	51318	29088	64979	51264	65003	28977
2547	7520
6421	4841
4683	4361	10111
6421	9782	4841
3981	79026	7518
6218	3921	6187	6188	6206	6223	6203	6193	6204	6224	6189	6201	6202	6210	6217	6208	6228	6222	6235	6207	6205	6191	6194	6209	6229	6230	6231	6234	2197	6233	6227
6445	8082	6443	6442	6444
3981	7518
3981	7518
3981	7518
3981	7518	11284
10643	1654	10915	23350	5496	1665	9128	9092	9129	10465	5356	7756	27336	11051	8449	9716	51362	55660	23451	23020	10286	22826	10285	24148	51747	10569	10421	25949	6629	6625	6626	6631	6627	26986	6628	1655	11338	9775	8896	23517	58517	22916	4236	4809	4116	6635	6636	6637	27258	11157	6632	6633	6634	6434	10907	6428	7307	6427	9295	6426	6429	1660	4686	10946	3550	8683	6430	6431	23759	10992	8899	22938	8563	7919	1153	9584	1659	9589	9343	10921	23450	10262	8175	10291	7536	6432	11052	55234	55660	10713	25962	80145	10594	9879	10189	79228	10250	57187	58509	11017	26121	56259	9785	10521	23398	8220	9410	9984	84991	84321	64783	23013	988	8559	79002	84811	9416	51593	51340	53938	4343	57703	56949	55696	51755	51503	None	22827	51428	51690	22985	57461	27339	10450	23524	51729	57819	51639	51645	25804	94104	9939	29105
3981	7518
10592	3981	10051
3981	7518
2547	7520	5591
2547	7520	5591
2547	7520	5591
3981	7518	79840
5591	64421
5591	64421
5423	7515	3980	11284
7515	3980
7515	3980
2067	4436	2072
4292	4436	2956	5395
4292	4436	2956	5378
4436	2956
4437	4436
5111	4292	4436	2956	5395
5111	4436	2956
4437	4436
4292	5395
4292	5378
63891	10422
4172	4173	4174	4176	4171	4175
5001	5000	4998	4999	23595	23594
6500	8454	26190
9978	8451	1642
8802	8801
8802	8803
3417
2977	2983
2982	2983
4292	5395	9156
2339	2342
859	1605
4292	5395	9156
5111	4292	9156
4438	4439	2874
4224	4225
4338	4338
5289	30849
1665	23451	6628	6635	6636	6637	6632	6633	6634	4904	10992	23450	10262	8233	11066	154007	10594	10081	85437	55599	79622	83443	55954	51639
4292	4436	2956	5395
3303	4842	10273
4683	5984	5982	5981	672	4292	4436	4361	2956	641	472	10111
5984	5982	5981	672	4292	4436	2956	641
5984	5982	5981	672	4292	472
672	2956	10111
8464	10474	27097	672	4436	2956	6881	6880	2648	8295
9282	9862	2099	5469	2648	9968	9440	9969	9439	10025	8295
571	4093	10804	5702	2071	4601	7071	7045
6874	6314	8464	10474	27097	6878	6881	23450	6877	6879	6883	6880	6873	2648	8295	10629
6874	6314	8464	10474	27097	6878	6881	23450	6877	6879	6883	6880	6873	2648	8295	10629
6874	6314	8464	10474	27097	6878	6881	23450	6877	6879	6883	6880	6873	2648	8295	10629
23418	64398	10207
23418	64398	58538
6874	6314	8464	10474	27097	6878	6881	23450	6877	6879	6883	6880	6873	2648	8295	10629
6874	6908	6872	6878	6881	6877	6884	6882	6879	6883	6880
5663	23385	51107	55851
5664	83464	23385	55851
5664	23385	51107	55851
6874	6908	6872	6878	6881	6877	6884	6882	6879	6883	6880	6873
6874	6314	8464	10474	27097	6878	6881	23450	6877	6884	6879	6883	6880	6873	2648	8295	10629
6871	8464	10474	27097	6881	6883	6880	8850	8295	10629
5034	5033
5034	283208
8464	10474	27097	9913	6881	23450	6883	6880	2648	117143	8295	10629
6314	8464	10474	27097	9913	6881	23450	6883	6880	2648	117143	8295	10629
6871	8464	10474	27097	6881	6883	6880	8850	8295	10629
8464	6880	2648
6874	6908	6872	6878	6881	6877	6884	6882	6879	6883	6880
6874	6908	6872	6878	6881	6877	6884	6882	6879	6883	6880	6875
7456	10627	4627	7454	4637	59
2957	2958
2957	2958
6874	6908	6872	6878	2957	2958	6881	6877	6884	6882	6879	6883	6880	83860	6873
6874	6908	6872	6878	2957	2958	2959	6881	6877	6884	6882	6879	6883	6880	83860	6873
6874	6883
6874	6908	6872	6878	6881	6877	6882	6879	6883	6880
6874	6908	6872	6878	6881	6877	6884	6882	6879	6883	6880	8148
6874	6314	8464	10474	27097	6878	6881	23450	6877	6879	6883	6880	6873	2648	51616	8295	10629
6874	6908	6872	6878	6881	6877	6884	6882	6879	6883	6880	51616
5576	9495	5530
5566	9590	5144
5577	8165	26292
5576	5566	3784	5499	10142
999	1499	5310
999	1499	5310	2319
86	10524	10856	8607	8295
7222	7223
8089	86	9643	10524	57634	10902	80314	64769	55929	55257	54556	10933	10856	8607	8295
8089	86	9643	6944	10524	57634	10902	80314	64769	55929	55257	54556	10933	10856	8607	8295
2067	7507	2072
10199	92856	55272
9282	9862	10001	7067	892	9412	5469	9442	9968	84246	29079	9440	9969	9967	10025	51003
7220	7222	57113
3479	3486	3483
9282	9862	10001	892	1024	9412	5469	9442	9968	29079	9440	9969	9967	10025
9443	9282	9862	10001	9441	7421	6257	5469	9968	29079	9440	9969	9439	10025
9443	9282	9862	10001	9441	7421	6257	5469	9968	29079	9440	9969	9439	10025
4846	857	115677
1791	None	None	8338	8349	30836
3456	3454	3455
7220	387	3708
86	6597	6598	196528	55193	6601	6599	6603	6605	6602
8289	86	6597	6598	6601	6599	6603	6605	6602
86	6597	6598	196528	55193	6601	6599	6605	6602
2767	7220	857	3710
54822	140803
1656	23644	167227	80153	55802
27257	27258	11157	51690	57819	23658	25804
51691	27258	11157	51690	57819	23658	25804
10476	10632	4508	4509	516	506	522	515	498	513	509	539	9551	514	521	93974
8289	86	6595	6598	6601	6599	6605	6602
86	6597	6598	196528	55193	6601	6599	6605	6602
8289	86	6597	60	6598	6601	6599	6605	6602
8289	6597	2033	6598	6601	1387	6599
8289	2033	1387
4790	1326	79155
7157	2274	28996
53615	604	3065	1108	57504
53615	5928	9112	1108	5931	3065	3066	57504
8819	5928	3065	5931	51742	3066	25942	79595
8819	5928	3065	5931	51742	3066	25942	79595	64426
57628	3751
8819	5928	3065	5931	51742	3066	25942
100287932	10469	10245	10440
284058	10943	84148	55167
54921	63922	79075
54921	5983	63922	79075
23028	5928	1107	9112	3065	1108	3066
6500	6502	8454
8573	320	55327
4683	4361	10111
4683	4361	7014	10111
23028	7764	3065	3066	51317	10362	23186
7428	8453	6921	6923
26519	26520
23028	23186
23028	7764	3303	3304	1487	3065	6239	51317	112885	10363	10362	55758	7750	23186
4683	4361	10111	8295
641	9519
6790	6867	9793
23028	9219	2969	5928	1107	9112	3065	9203	23199	1108	5931	3066	51317	25942	10362	7750	23186
23028	7764	2969	3065	9203	23199	3066	51317	10362	7750	23186
23028	2969	3065	9203	3066
8540	8443
23028	3065	3066	51317	10362	23186
10048	54737	54994	4289
23585	10048
8535	9839	23028	7764	6935	1488	1487	3065	9658	6239	3066	84458	10919	79813	55758	23186	9425
23028	6935	1488	1487	3065	3066	10919	79813	23186
10657	23368
23028	9219	53615	5928	1107	3065	5931	8932	23186
23028	3065	23186
9219	53615	5928	1107	3065	5931	54815	8932	23186
9219	53615	5928	1107	5931	54815	3066
8546	8943	23557	10947	10239	2647	8120	388552	282991	63915	1176	84062	55330	26258	26985
23557	2647	388552	282991	79803	63915	84343	84062	55330	26258	11234
3297	3298
9559	55737	51699
6643	9559	6642	55737	51699
9219	53615	5928	3065	1108	5931	57459	3066	8932
154	9495	3778
154	3778
9837	84296	64785	51659
5902	953
9368	1080	7430
4487	5083
9219	53615	5928	3065	1108	5931	57459	3066	8932
9368	154	1080
10284	8819	5928	3065	5931	51742	100316904	3066	25942	79595	64426
8819	5928	3065	5931	51742	3066	25942
23309	8819	5928	3065	5931	3066	25942	25855
51742	25855
8819	5928	3065	5931	51742	3066	25942
373	80155
9183	5714	60561
9146	6616	23673
6616	6844	23673
8289	10419	86	6597	6598	6601	6599	6605	6602
8289	10419	86	6595	6598	6601	6599	6605	6602
8289	10419	86	6597	5928	6598	6604	6601	3066	6599	6603	6605	6602	25942
8289	10419	86	6595	5928	6598	3065	6604	6601	3066	6599	6603	6605	6602	25942
6688	3065	25942
6688	6908
5925	10933	93621
5925	10933	93621
84148	10933
81	6840	3689	3326	3303	3312	5787	5297	60	4356	3909	5027
9318	9978	2873	8451	1642	10980	1643	10987	10920	51138	50813	8533
9318	9978	2873	1161	8451	1642	10980	10987	10920	51138	50813	8533
5430	9318	9978	2873	1161	8451	1642	10980	10987	10920	51138	50813	8533
9978	6500	8454	79791
8773	6843	6810
8773	6844	6810
10284	8819	5928	3065	5931	3066	25942
6843	6845	6810
10284	8819	5928	3065	5931	51742	3066	25942	3621
10284	8289	8819	86	6597	5928	6598	3065	5931	51742	6601	3066	6599	6602	25942	3621
22794	9775	4116	9939
8841	6907	9611	2874	79718
8665	8664	8667	8666	8669	8662	3646	8668	8661	8663	27335	51386
10284	8819	5928	3065	5931	751865	51742	3066	25942	79595	64426
22794	9775	4116	9939
23309	3066	25942	9612
1050	3175
3065	25942	9612
6885	7189
4204	3065	3066	25942
8841	6907	9612
8910	4846	7402	857	1605
22794	9775	4116	65109	9939
22794	9775	4116	65109	84305	9939
2934	58497
2932	58497
4830	58497
10284	10921	22985
4116	9939
8291	29780
22794	9775	4116	9939
8563	7919	80145	10189	79228	57187	9984	84321
4830	5562
22794	9775
4116	9939
8563	80145	79228	57187	9984
22916	4686
10921	10189	10250	65109	26019	10482	9939
8289	9219	53615	86	3183	6597	60	5928	6598	3065	1108	6601	57459	3066	5977	6599	6603	6605	8932
8725	5434	6500	6502	8454	5202	26228	10856	8607
8239	83737
2935	2107	5976	23049
9775	4116	7919	10921	10189	10250	65109	9939
4306	5530	8648
86	10524	80314	55929	10933	10856	8607	8295
5393	23404	23016	118460	11340	54512	56915	51010	22894	51013
5394	5393	23404	23016	118460	11340	54512	56915	51010	22894	51013
1642	1643
10815	6616	6844	6804
6616	6844	6804	10814
8773	8676	6844
8089	86	26122	10524	57634	10902	80314	64769	55929	55257	54556	10933	10856	8607	8295
86	6944	10847	57634	10902	80314	55929	10856	8607	8295
8773	2054
8289	10419	86	6597	6598	6601	3066	6599	6605	6602	25942
8773	6810
8289	10419	86	6595	6598	6601	3066	6599	6603	6605	6602	25942
8289	10419	86	6597	6598	6601	6599	6605	6602
8289	10419	86	6595	6598	6601	6599	6603	6605	6602
2935	2107
10419	5431	2962	2079	11329	79084	9150
10419	5431	2962	2079	11329	79084	9150
5976	65110	26019
5976	65109	26019
10921	5976	65109	65110	26019	10482	9939
4659	387	23164
387	23164
4659	23164
10419	1207	6632	6634
8773	10228
5073	5394	23404	167227	54464	5976	65109	22803	26019	54512
8487	6628	50628	None	11218
10419	6628	1207
1003	1499	56288
84894	65078	55504
7220	84876	1501
1003	50855
1003	56288	50855
10419	8487	6628	1207	50628	None	11218
1207	6632	6634
10419	6628	1207	6632	6633	6634
6628	1207	6635	6636	6637	6632	6633	6634
10419	1207
10419	1207	79084
4605	286826
5104	354	7857
832	829	154796	55114	64398	10207	30011	23607
5584	55114	56288
8777	154796	143098	55114	154810	64398	10207	51421
5111	1786	10919
1786	10919
219541	6837	5469	81857	112950	54797	29079	9440	55588	400569
23028	675	3065	3066	51317	10362	23186
9342	6804
10228	8674	9341	8673
8675	8674	9341
10228	9341	143187
8675	10228	8674	143187	10490
153	5576	9495	5577
53615	5928	9112	5931	3065	3066
9219	53615	5928	3065	1108	5931	3066	25942
5928	9112	5931	3065	3066
9443	892	1024	9439
892	1024	9439
892	1024
9282	10001	892	1024	9439
9282	10001	9439
5979	53358
2549	53358
9371	5584	56288	50855	11127
9443	9282	10001	9441	1024	5469	81857	9968	51586	9440	9969	9439	10025
9443	9282	9862	10001	51586	54797	29079	9440	9439	10025
2260	3730
8773	6804
6594	27443
64398	56288	50855
6594	5928	2186	5931
8467	51773
6594	51773
3183	7153	1660	6749	10594	6732	9188
8467	11177
23513	3993
1060	79682	80152	55839	64946	79019
23513	57216
8467	1059	3309	3312	2091	648	1058	9493	1060	6015	6749	11335	8451	9589	1642	22837	23091	25962	79948	79682	91687	9688	79801	9785	2491	80829	51773	6045	64105	79172	51593	55717	29127	64946	57332	79019	11198
8874	23513	28964
324	23513
6749	91754	11198
6749	11198
1459	1460	1457	6749	11198
8417	55823	57617
64601	55823	57617
8317	10926
5584	3993	84612
5584	56288	84612
5584	3996	84612
4683	672	4361	10111
4683	4361	10111
8726	5928	23512	2146	121536
8733	10026	51604	94005	128869
22944	5111	6117
3181	10728	10016
1861	27348
5422	890	1017	5984	5982	5981	5985	5983	23649
142	5422	7150	6118	3978	890	1017	6117	5424	6119	5982	5981	5426
983	142	5422	7150	891	6118	890	6117	5424	6119	5982	5981	5426
1022	902
1022	902	4331
2068	2071	2965	1022	902	4331	2966	2967	404672	2968
1022	902	4331
3172	10923
2068	2071	2965	1022	902	4331	2966	2967	404672	2968
2068	1022	902	4331
5001	5000	4998	4999	23595	23594
5000	4999	23595
5001	5000	4998	4999	23595	23594
5001	5000	4999	23595
2068	2071	2965	1022	902	4331	2966	2967	2968
2071	2965	2966	2967	2968
5001	5000	4998	4999	23595
5111	9768
9768	3621
60	7082	1837
8648	10011
7514	10073	5901
9978	6500	6502	8454
9978	6500	8454	23291
2099	602	5970	8202
5371	7750
7341	7750
11007	10445
6642	58533
6643	9559	6642	55737	51699
6643	6642	112936	55737	51699
596	841	51283
9265	160622
3430	9111
925	3932
6628	6635	6636	6637	6632	6633	6634	4904	11066	6432	154007	10081	114034	79622	79706
2247	8539
6643	8723	6642
5314	5311
6643
4436	2956
904	1025
905	1025
4683	4361	10111
904	1025
8812	1025
8566	5423	7515	3980	252969
8566	5423	7515	3980	79661
332	7813	9212	3619
5621	348
8825	51678
164	9135
6643	8723	3953	6642
5111	2547	7520
6643	8723	3643	6642
10632	3329	6389	3313	2395	57128	10939
6643	8723	1956	6642
6643	8723	5156	6642
8665	8664	8667	8666	8669	8662	3646	8668	8661	10480	8663	27335	51386
5422	7150	7153	5111	6117	5424	5981	5425	5557	5558	23649	10714	57804
5422	7150	7153	5111	6117	5424	5981	5425	5557	5558	5427	5426	23649	10714	57804	56655	54107
5422	5557	5558	23649
2975	2976	9329	9328	9330
7037	6642
2975	2976	9329	9328	9330
7150	10923	2975	2976	9329	9328	9330
5422	5111	5424	5981	5425	5557	5558	23649	10714	57804
5422	5111	3978	5424	5981	5425	5557	5558	5427	5426	23649	10714	57804	56655	54107
5422	7150	7153	5111	6117	5424	5981	5425	5557	5558	5427	5426	23649	10714	57804	56655	54107
2975	2976	2971	9329	9328	9330
55814	6908	2975	2976	2971	2972	9329	9328	9330
7514	332	9212
7514	332
332	55143	9212	3619
332	55143	9212	3619
332	55143	3619
9943	65125
65125	27347
9026	2017
5518	5982
5518	5984
545	3066
545	1108	3066
10815	6616	6844	6804	594855
6616	6844	6804	339302	594855
10815	6616	6844	6809	6804	339302	594855
10815	6809	594855
11051	8449	51585	2071	6421	11338	5725	4361	7307	7082	4076	11052	79869	2968	10978	51692
8487	6628	6635	6636	6637	6632	6633	6634	None	11218
8487	6628	50628	6635	6636	6637	6632	6633	6634	None	25929	79833	79760	54960	11218	11171
10898	29894	None	53981	51692
1478	1477	1479
1478	1477	29894	1479	8189	53981	51692
6626	1655	6421	4841
8520	4678	None	None	5928	10036	8208	79711	55723	25842
8520	4678	7290	None	None	5928	79711	55723	25842
2189	2175	2176	57697	2187	2178	2188	55120
54973	65123	80789	55656	26173	57117	92105	57508	55756	25896	55174	26512
None	675	7979	54973	80789	55656	92105	114823	57508	55756	25896	55174	26512
5430	5431	54973	65123	80789	55656	26173	57117	92105	57508	55756	25896	55174	26512
2033	3621
3065	3621
5111	2033	3621
9978	8451	8450	1642	1643
5111	3621
9810	7324	56254
86	60	57634	10856	8607	8295
79577	9646	54623	123169	80349
6499	9652	80349
8773	6810	9341	8673
86	4609	10856	8607	8295
86	4609	10856	8607	8295
22916	4686
86	10856	8607
22916	4686	51808
86	8295
7514	22916	5901	4686	51808
8726	2146	23411
3312	6500	6015	54880	23429	84678	6045	84759
1060	23421	401541	79682	55166	91687	None	80152	55839	64105	79172	64946	79019
9092	10236	5356	9716	10492	51362	23451	23020	24148	10569	25949	3183	6629	3178	6627	26986	6628	1655	3181	3187	27316	9775	23517	220988	4670	3185	4116	3190	6635	6636	6637	27258	6632	6633	6634	3192	7307	6426	10946	10992	8899	22938	2483	1659	9343	23450	8175	10291	55596	10594	10283	10189	10250	58509	9785	23398	8220	9410	988	55094	84292	9416	51340	53938	5411	60625	57703	56949	55696	51503	None	51428	22913	57461	27339	10450	23524	57819	51645	9939
5356	10286	3312	10985	988	27339
9814	8493	5356	23451	10286	6626	6627	3312	7153	6925	6421	27316	5499	6632	6633	6634	5591	6427	6426	3608	10992	1778	10262	9689	10250	10985	988	51503	27339	22828
5286	5287	1956	2064
27243	57132	92421	79643	29082	128866	5119	51510	25978	51652
51028	11267	84313
8841	6907	9612
4683	2547	7520	3981	4361	7518	10111
4686	63941
6829	27336	4691	5430	1025
55048	7251	51160
142	2547	7520	4361	7014	10111	54386
1876	2707	4149	6015	7027	23269	10138	83746	10919	6045	84108	79813
10594	10250
5889	7517
7013	7014	65057	26277	25913	54386
7014	65057	26277	25913
6184	6185	1650	3703	1603	84061
6184	6185	1650	1603	7991	201595	84061
7013	65057	26277	25913
8658	7013	26277
7013	7014	10111	65057	26277	25913	54386
7014	54386
8658	7013	7014	26277	25913	54386
7014	26277	25913	54386
405	196	9978	10607	8450	1642
9978	8451	1642	55070	64326
9978	6500	8454	55294
7486	7014
641	7014
8658	7013	80351
2547	7520	7014
2957	2958	7014
10236	6741	4869	3309	26986	3014	811	None	None	6749	128312	51386	11198
8405	648	8452
8405	9555	8452
4869	142	3309	3014	811	22907	128312
4869	3309	3014	8531	811	3018	None	128312	55037	8342
8289	86	7421	6595	6597	7155	6598	10036	6601	6599	6605	6602	9031	11198
10419	2091	708	7846	3276	81027
5978	25942	23186
3066	23186
8289	86	6595	6597	6598	6601	6599	6605	6602
86	6597	6598	196528	55193	6601	6599	6605	6602
86	6597	4298	6598	57492	6601	6599	6603	6605	6602
8405	8452	1616
5531	151987
317	54205
5925	1869
8289	86	6595	6598	6601	6599	6605	6602
8289	86	6597	4298	6598	6601	6599	6603	6605	6602
9978	6500	8454	55294
4221	5431	11091	5929	84661	9070	None
6907	6500	6477	27101
4221	3053	3054	11091	4297	5929	9070
10284	8467	23028	8819	9219	53615	6908	6872	6878	6595	11091	5901	4297	5928	6598	1107	3065	9343	5929	6883	5931	6880	6601	3066	8189	6599	25942	53981
9978	6500	26259	11146
5928	10036	8208
9978	6500	8454	80204
6625	6627	6434	10250	23524
3187	3185
5725	3187	3185	58155
9670	4116	9939
167227	55802
409	6416	4217
409	6416	5602
4296	57630
10267	10203
10267	10203
5300	3184
10492	7812	26986	3184	10605
3312	26986	1981	3184	3303
11016	6883
6908	6872	6877	6882	6883
6908	6878	6877	6882	6880
1654	9987	1665	1655	3187	2521	4670	3192	2130	3608	3609	23435	54487	1653	8148	10521	6732	11100	29102	22913
23020	51366	203068	3309	5211	6421	1937	9782	4436	1915	3192	22938	9343	1642	10594	988	9416	10061
2309	8850
4735	989	23176	55752	10801
4928	57122	23279	55746
11097	9631	2733
11143	79960	64769	51147
5925	6929	6886	4005	8861
9325	10973	51008	84164
5476	2720	2588	4758
8518	55250	26610	55140
23054	27161	23405
7538	192670
7538	27161
8085	11091	5929	9070
8085	203068	7277	23054	5929	58508	9070
8085	9739	6872	6878	11091	4297	5929	6880	6045	84148
8841	9611	6597	6598	10155	23450	10291	10847	6601	6599
5743
8825	8573	1739
4176	4171	4175
4299	4298	57332
8467	3066
648	6015	1912	6045
11130	23468	11243	25936	79003	79980
6839	5934	2033	3065	1875
5934	7027	1875
5933	4088	4089	7027	1875	1874
5925	1786	1869	3065
1786	55929	1616
1786	9628	55929
23028	7764	3065	23199	9658	3066	51317	10362	7750	23186
9219	53615	5928	3065	1108
8841	9611	8819	3065	3066	25942	9612
604	None
3565	3566
3565	3566	3561
3572	6774	5580
6885	6774	None
6774	2033	4086
6774
55704
5894	54331	10399
5518	5515
5518	5515	5523
9670	1964	5901
30000	5901	10482
5902	5901	3837
9111	84172	54700
84172	54700
9111	54700
9111
2547	7520	5591	3069
54331	2782	2778
4168	54331	2782
54331	2782	695
773	54331	2782
54331	2782	5745
54331	2782	10014
9759	54331	2782
2189	2175	2176	2178	2188
2189	2175	2176	80233	57697	2187	2178	2188	55120
2189	2175	2176	57697	2187	2178	2188
1019	595	1021
1019	595	1026
1019	894	1029
898	1017	1027
890	5933	1874
9522	10066
3265	27	9610
3507	7441	3543
3559	3560	3558
7099	None	148022
None	4000	4869	142	3015	7153	10664	3836	None
4869	142	4691	3308	4628	60	7155	7088	4841	10111
3276
10946	8175	10291
23451	10992	23450	10262	84844	11325	83443	51639
6635	6636	6637
8487	6626	6628	50628	6635	6636	6637	6632	6633	6634	6638	25929	79833	79760	11218
8487	3956	3958	50628	6632	6633	6634	None
10419
8487	6629	6628	6908	5430	50628	6638	2959	1660	11218
50628	5531	151987	11218
8487	6626	6628	50628	None	25929	79833	79760	11218	11171
8487	50628	None	25929	79833	79760	11218
7150	6421	4841
11051	5430	9898	11052	83737
11051	5430	2130	9898	11052	83737
11051	5430	11052	83737
22914	4277	10870
22914	79465	10870
22914	100507436	10870
22914	80328	10870
4092	7046	7048	64750
7046	7048	50855
4092	7046	57154
10617	64750	26994
3737	8506	3736	57142
4804	84894	65078
4804	6272
4803	4804	6272
3676	5829	28964
8312	85458	4216
8379
4085	8379
3725	6925	1499
999	4088	4739	10393
9372	5371	4088	4087
8312	7046	4088
4088	2033	10401
999	3695	3682
324	8826
324	6249	8826
699	9184
5885	8243	23244	113130	23047	9126
7251	79720	51160
6616	6844	9341	23673	63908
6722	2002	2005
2475	253260	64223
2475	253260	64223
2475	57521	64223
4909
324	1742
5311	55690
4751	79858
3656	3654
3654	11213
7305
652	57045
652	633
4543
4544
4543	4544
6277
5195
326
2022
8736
8815
10857	22937
3275
3953
6506
581
10392
5742
10438
5786
5621
558
6777
3592
3592	3593
3592	3593	3594
3593	3594	3595
3592	3593	3595
6776
3594	3595
3717	3595
23779	663
10892
8915
8915	10892
8915	8772	841	10892
3551	1147	8915	841	10892
6714	7189	8792
7189
4296	6635
4790	4791	5971	5970	5966
4790	4791	5971	5970
3551	1147	9020
3551	1147
3551	9020
3551	1147	8518	4792	5970	9020
3320	3326	11140	4296
3551	1147	23085	8517
3551	1147	8517
8517
1147	2099	8202
3312	3300	5684
5584	5607	8878
7531	3297
405	3131
3689	967	3684
207	4904
367	207	26060
23028	367
8883	9039
997	9978	8454
1111	8451
9978	8451	1642	81620
9318	2873	10980	10987	10920	51138	50813	8533
7157	9318	2873	10980	10987	10920	51138	50813	8533
8841	6907	9682	9611	3832	2874	10009	7464	79718	51592
9978	6500	8454	4738	8945
9978	6500	4088	8454	8945
9978	6500	8454	84893
9978	6500	8454	51530
5810	3364	3978	5883
5810	3364	2237	5883
5810	3364	5423	5883
5984	5982	5985	5983	63922
5984	5982	5985	5983
5111	5984	5982	5985	5983
5984	5982	5985	5983	63922
23476	5984	5982	5981	5985	5983
4999	990	84515
5001	4998
51053	4998	672	990
1478	672	1477	1479	580
5430	672	580
672	8543	8861	5932
672	8543	5932
4683	4361	472	9656	10111	2177
4683	4361	9656	10111
7013
2067	5893	2072
6118	6117	6119	641	7156	80010
641	7156
7157	4436	2956	641	5888
4436	2956	5590
7516	5892	641
5111
10036	9869	4152
5928	10036	8208
7290	None	10036	8208	55723	25842
11200	4678	6767	None	8208	55723	25842
6667	80063
9869	55729	4152
3064	4218	10133
7052	3064	None
7052	3064
1490	60	71
1072	60	10487
5906	54518
1141	1137	7447
5532	1827	5530
2891	9463	23426
10006	10163
8976	10006
9475	3312	6853	5217	60	1759	23191	6854	10787
8943	10239
8943	1176
3911	3912	3915	3691	3655
3911	3915	3691	3655	3913
3691	3655	977
2534	3691	3655
3911	3691	3655
3691	3655
7040	3685	3696	4323
3685	3693	5329
3685	3693	3386
3685	3693	8754
3685	6696	3693
3491	3685	3693
3685	3693
2335	2534	3694
3685	6696	3694
3685	7043	3694
3685	3694
3690	2208	3685	961
3690	3685	961
3690	3685	6696
3690	3685	8751
3690	3685	50848
3690	3685	5829	2185
8745	3690	3685
3690	3685	1285
8613	3690	3685
1956	3690	3685
3690	3674	928
3690	3685	6696
3690	3685	3910
2335	7052
2335	3690	3674	7052
3690	3674	6714	961
3690	3674	7094
3690	3674	10519
3690	3674
3690	3674	50848
2335	3688	3678	7052
3688	3678	8751
3688	3678
3688	6520	23428
3688	977	3679
3688	928	3679
3688	3679	27231
3688	3675	682
3688	967	3675
3688	3675	977
3688	7057	3675
3688	3675
3688	3655	977
3688	3655
3688	5906	5310
3688	3676	11117
3688	3676
3688	3676	975
3688	3676	963
3688	3676	7412
3688	3676	58494
3688	3676	961
3688	967	3676
3688	7057	3676
3688	3676	7058
3688	3673	961
1101	3688	3673
3688	1293	3673
3688	3673
3688	1293	3672
3688	5771	3672
3688	3685
3491	3688	3655
3688	8516
3688	8754	3680
3688	7412	3680
3688	3371	3680
3688	3680
3688	8751	3680
2277	3688	3680
8038	3688	3680
1956	868	7314	30011
1956	867	6456	30011
30011	6456
4233	867	30011	6457
30011	6457
857
2099	6714	5295	9564
6714	5580	64866
5156	1398	1399	2889
867	5295	1398	9564	2885	6654	30011
10755	3973
10755	4914	10287
259197	919
7456	7454	7535	1399
7456	7454	1399
8976
2064	6464	51072
27040	7409	5335	867	5295	2885	3937
867	2885	3937
867	6464	2885	3937
4067	5336	2885	3937
5336	5578	5337
None	2885
4233	3082
1956	867	2885
27040	5335	6654	3937
5156	5335	5295	5781
3932	819
2534	4067	2263	867
2534	7525	4067	5921
3932	2534	4067	931
5868	8411
5868	8411	23339	64601	55823	57617
930	7409	5295
3643	5295	3667	10657
5921	10657
332	9212	3619
332
6790	332	5921
332	55143	9212
6429	6430	6431	10891
2308	2274	23411
23411
2309	23411
7936	51497	25920	7469
904	4691	5430	1025	53981	10891
9282	904	23476	9862	1025	5469	9968	9440
904	23476	1025	5469
904	10614	1025
6829	904	1025
904	1025	6502
904	2896	1025
10001	142	1024
9443	10001	892	1024	5469
892	1018
595	4760
5430	1022	3516	2033	6830	1387
904	5430	4851	1024	1022	1025	3516	2033	5469	6830	9794	51763	11198
4654	1387	8850
2033	4086
4609	None	1788
1789	29947
29947	1788
4609	4149	2648	8295
4609	4149
2099	1022	902	4331	9112	3066
2068	1022	902	4331
2099	7157	4193
2309	7157
7157	6667
7157
5433	2963	5432	5434	5430	5431	2962	5438	5437	5439	5440	5435	5436	5441	2959	26015	9150
5433	5432	5434	5430	5431	5438	672	5437	5439	5440	5435	5436	5441
9076	4323
2353	3725	4088	4089
2353	3725	4773
2353	3725	2078
2353	3725	2114
2099	3725	23426
2099	3725
4089	51592
10664	4088	4089
6667	4088	4089
2309	2290	4088	4089
3725	4088	4089
7076	4318	4035
2	309	4035
351
1111	8454
9978	6500	2873	6502	8454	8453	8452	10920
8518	55250	55140
23586	7706
991	4085
3146	1459	1460	1457
1459	1460	1457
9739	8473	23309	8819	3320	6667	3309	3312	3308	3054	11091	5928	3065	5931	3066	25942	64426	9070
9978	8451	1642
4683	472
4792	6500	8454	8945
4792	6500	8454	23291
3693	5829	5747
3551	1147	6738	10499	1387	8517	8202
6738	10499	8648	1387
11091	5929	80335	30827	9070	23067
9739	11091	5929	80335	30827	9070
5663	23385	51107
5664	23385	51107
84894	65078	55504
6118	6117	6119	641	7156	80010
2189	2175	6117	641	2176	7156	2187	80010	2178	2188	55120
4436	2956
10892	7189
7186	10892
8915	None	23118	10892	7189
9869	55729
8915	84433	10892
2533	8915	84433	10892
3727	2354	4088	4089
23350	1665	23451	22826	10285	6629	6627	3329	6628	11338	6635	6636	6637	6632	6633	6634	7307	6426	10946	10131	10992	23450	10262	8175	10291	9879	84844	10523	84991	83443	10362	22827	51639
7334	7336
6628	6635	6636	6637	6634	134353	84967
6885	10454	23118
55729	4152
2309	4088	4089
4088	2308	4089
4088	4303	4089
6839	23468	4152
10419
3276
2547	7520	4361	7014	10111	26277	54386
4683	4361	10111
3691	928	3655
6500	8454	1407	26224
6500	8454	1408	26224
3014	7158	9656
7158	9656	8243
672	10111
1478	672	580
672	84142	51720	580
672	51720	5932	580
571	672	580
2078	2114
2113	2114
4173	4176	4175
4173	4176	4171	4175
5111	5984	5982	5985	5983	63922
9076	4313
5984	5982	5981	5985	5983
6657	5460
5451	6657
5080	6657
54921	5984	5982	5985	5983	63922	79075
54921	79075
54921	63922	79075
5810	3364	328	5883
5810	3364	5883
5884	5984	5982	5985	5983
25	672
5432	5431	26015
672	4088
672	3065	3066
571	4683	672	4361	11073	10111	5932	580
3690	3685
571	672	4292	2956	11073	580
672	675	580
672	1487	5932
672	7415
7157	23411
672	7323	580
672	7332	580
672	5888
5433	2963	2068	5432	5434	2071	6908	5430	2960	2961	5431	2965	2962	5438	672	5437	5439	5440	5435	5436	5441	2959	9412	2966	2967	2968
7448	3690	3685
6597	4088	4089	4087	57492	6601	1387	6599	51592	8202
4088	4087	51592
10250	23524
4088	4089	4087
5216	3312	7415	71	1213	347733
10419	1207	79084
546	1616
8312	7157	28996	1616
546	1616
8312	7157	28996
3690	3685	7057
11143	64769	23338	51147
11143	9767	64769	51147
3690	3685	4856
2335	3688	3678	4856
51742	8819	5926	5928	3065	5931	84312	3066	25942	79595	3622	64426	25855
86	6598	6601	6599
3688	3678	80781
86	10524	57634	10902	80314	55929	54556	10933	8607	8295
8089	86	26122	10524	57634	10902	80314	64769	55929	54556	10933	10856	8607	8295
11143	79960	84289	64769
7862	23522	84289	7994	64769
6829	6827
6829	6827
10558	55304
3690	2811	3674	928	961
904	10614	1025
904	23476	1025
904	23476	1025
904	10614	1025
3932	2534	931
6500	8454	23291
9978	6500	8454	8945
3690	3678	1293
374291	4722	4712	4535	4700	4704	51103
3688	3685	6696
4535	4536	4537	51103
4851	3516	9794
5663	23385	51107	55851
2885	None
None	2885	6654
6464	2885
3690	3674	5747	961
4851	3516	9794
4720	4722	4704
4720	4722	4535	4704
4695	4720	4722	4535	4704
4724	4695	4725	374291	4720	4722	4535	4729	4700	4704
4724	4695	4725	374291	4720	4722	4712	4535	4729	4700	4704
4724	374291	4729
4851	3516
3516	23013
27040	2209	5336	6850
4067	2209	5336
3516	22938	9612
5336	3937
27040	5336
4697	4706	4711	4709	4707	4712	4710	4714	4708	4718	4716	4538	4540	4713	54539	4715
2885	6654
2547	7520	7528
4694	4717	4725	4696	4705	4535	4536	4537	4539	4541	4702	4700	4704
4728	4724	4695	374291	4720	4726	4722	4701	4729	4719	4723	4731	4698	126328	51079	55967
1488	1487	23013
27040	5335	5295	2885	6654
1487	23013	5932
3516	23013	5932
3516	1487	23013	5932
4513	2597	51295	51103	7189
256297	6938
4722	9804	51295
4694	4513	4535	51295	51103	7189
4722	51295	51103
4535	51103
3932	5295	4851
3516	6015	2273
7528	4851	3516
7528	4851
4724	374291	4720	4726	4714	4705	4729	4719	4723	4731	4704
27040	3932	5335	3937
27040	5335	867
27040	2885
4086	1387
5692	4946	4086
5335	3702	3937
7409	5335	3937
1398	9564	1793
3702	3937
2770	29899	4926
8312	4088
2475	253260	64223
2475	57521	64223
3688	7424	3680
3688	7422	3680
5933	4088	7027	1875	1874
2475	57521
3688	101	3680
2475	57521	64223
2475	57521
4092	64750
4092	57154
4092	7046	7048	57154
8312	1499	2932	5525
8312	324	1499
7283	324	8826	7846
6874	6908	6872	6878	6877	6882	6883	6880	6873
6874	6878	6877	6883	6880
324	8826	5879
324	8826	998
898	1017	1027	1163	9978	6500	6502	8454
7043	7048
7040	7048
7040	7046	7048
7043	7046	7048
7040	7046	7048
3326	6895	27161	23405
389362	84262
8624	56984
3688	23428
1163	9978	6500	6502	8454
8928	4089	4087
8928	4087
9521	2058	1615	3376	5859	5917	4141	9255	7965	3735	51520
7048
7040	7048
650	652	657
9611	6497	3065	25942
5452	5451	4790	7528	5970
7528	5971
5928	3065	5931	3066	25942
4149	4084
4609	4149
3065	3066	25942
4084	3066	25942
10528	26156	292	6176	6181	6175	4869	6218	3178	7150	1938	6187	3007	6165	6129	6139	4691	2091	6206	11338	6137	6134	6136	6133	6146	6124	6727	6122	23521	11224	6157	6125	6144	6158	6203	6159	7284	9045	4670	4673	4809	6189	6154	6138	6155	6168	6201	6202	6210	6217	6208	6228	6222	6235	6207	6205	6130	59	6147	6194	9349	6209	6229	6156	6170	6160	4736	6161	6135	6132	72	4904	1915	6152	6173	6143	3192	7307	6142	6128	6141	1660	3608	3609	6949	11137	9221	55681	7846	55299	8971	6732	10969	8342	10514	26354	81027	9188	55131	55646	10642	51602	51631	25873
54487	29102
8515	3688
3688	22801
1277	3688	22801
892	5430	2962	1024	6595	6598	9412
892	5430	1024	6598	1387	8850
5430	6598	1387	8850
8289	10419	86	6597	6598	6601	6599
6908	892	5430	2960	2965	2962	1024	6595	2959	6598	9412	10589	54760	6601	6599	6602
86	892	1024	6598	9412	6601	6599	6605	6602
2071	892	5430	2962	1024	6595	6597	2959	6598	9412	2967	1387	8850
892	2962	1024	902	6598	9412	6601	6599
54921	5984	5982	5985	5983	63922	79075	5429
10296	25852	10048	64795	4289
8085	7403	11091	23054	5929	55291	22976	55728	80209	58508	9070	23528
4691	54487
3609	54487
3609	57510
54487	29102
10236	3309	1655	4691	3187	2521	3192	1660	3609	54487	10521
2189	2175	2176	2178	2188
1019	595
1019	894
1019	896
595	1021
894	1021
896	1021
10452	351
100287932	351
3691	3655	6464	2885
100287932	10440
None	92609
8161	92609
2547	7520	103	5591	3069	1660
3690	3685	6520
8829	3688
3685	5029	2768
3688	6696	3680
3688	3678	6696
4851	3516	9794
3690	3674	3386
7448	3685	3693
8487	6628	6635	6632	6633	6634	None
5451	7088	5450
5452	7091
5451	5450
7089
7088	7089
7088
None	7088
5663	83464	23385	55851
6778	1660	27044
5451	5450
5295	5290
4869	142	4691	3308	7155	7088	4841	10111
142	6714	5430	None	None	3280	4841	1387	8850
208	57630
10266	10203
10268	10203
142	6714	5430	817	3280	4841	1387	8850
2885	6654
7088	5928	3065	25942	4824	28996
7088	4824
5052	140809
2776	387	115557
28514	4853
1499	6934
3516	3065	9612
5617	5618
5216	5906	54518
5216	54518
7408	54518
5618
2159	2155	7035	2152
7088	8820
8312	324	1499	2932
23309	3065	3066	25942	8820	9612
8312	1616
8312	7157	1616
7157	8650	4193
30011
29760	30011
867	30011
7398	57599
9630	9138
1385	8543
2274
5156	5781
2275
9457
2885	5781
2275	2274
2274	9457
1385	2274
1385	2275
1385	9457
8676	9457
6497	6498	4089
6497	4087
6497	4088
6497	4089
9611	6497	4087
9611	6497	4088
9611	6497	4089
8825	8573	320	1739
8825	8573
8573	1739
22914	80329	10870
3572	1025
2060	85439
8928	4089	7050	4087
8928	4089	3065	7050	4087
10067	9522	10066
3065	25942	23493	9612
5925	6597	3065
28514
28514	5663	23385	51107	55851
8487	50628	None	25929	11218
50628	25929	11218
79833	79760	11171
8487	None	25929
4671
581
91949	22796	9382	83548	84342	25839	10466	57511
91949	84342	10466	57511
91949	10466	57511
91949	10466
9382	84342
22796	83548	25839
91949	10466	57511
22796	9382	83548	84342	25839
91949	9382	84342	10466	57511
91949	22796	9382	83548	84342	25839	10466	57511
2547	3014	1660
4306	7329	8648
9146	10254	9610
10254	1956	9610
650	25884
650	25884	57045
5116	10426	10844
6497	4087
6497	4088
6497	4089	4087
6497	4088	4089
4087	1387
4088	1387
4089	4087	1387
4088	4089	1387
5082	85406
154
207	8115
208	8115
8115
5925	3065
1869	7027	126626
6722	2626	93649
8766	80223
6497	4088	4089
6497	4088	3065	25942
6498	4088	64750
2475	253260	79109	64223
2475	57521	64223
8192
10845
10845	8192
87	29780
23621	5074
405	2034	8517
9978	6500	8454
2547	7520
2547	7520	7486
4091	3224
4091	3205
1499	8727
1495	1499
8312	7249	2932	7248
3320	None	23770
10059	51024
2908	3192
8666	8662	8668	8661
8666	8662	8668	8661	8663
8666	8662	8668
8669	8662	8668
8666	8669	8662	8668	8661
4800	4801	4802
4800	4801	708	4802
153	5576	9495	1739
7415	258010	79139
7415	79139	267
7415	55829	79139
7415	55829	51009
7415	84447	55829	79139	51009	6400
5925	1874
1019	896	1021
1019	896	1026	1021
1019	894	29950
6839	1786	5934	3065	1875	1874
6839	5934	2033	3065	1875	1874
5925	1869
890	5933	1869
7020	5925
10664	6418
4869	10664
898	5933	1874
5934	1874
6722	2002	2004
164	5045	55690
1956	868	30011
2547	7520	5591	9656
87	999	6714	3728	7414	1499	5829	9564	5310	5747	7094
3717	5724	7297
142	2547	7520	5591	23054
2547	7520	5591
1965	2547	7520	8894	1968	5591	3608	3609
6595	4204	3065	6605	25942
10971	None	23523
1969	1947	7074
4794	None	1147	4790	4792	4791	5971	5970	5966	4793	79155	8517
3551	9919	1147	9099	4791	5970	5966	55294	9020	8517
7403	11091	23054	5929	22976	58508	79447	84661	9070	None
5537	23243	1147	9701	6500	4791	5970	5966	8454	9641	22870	8945
4683	4361	641	7158	22976	10111
5914	6256	1387
3320	3326	10971	7529	3308	7532	7531	7534	7533	5607	11140	84231	2011	4215	81572	5202
5682	5683	5687	7337	29978	29979
7186	7187	10010
5894	5518	5516	5520	5300
9755	3320	3326	7186	11140	10010	64343	29110
5189	5190	55670
1431	10454	23118
811
1147	5970	10788	79155	26993
5604	8649	28956
1459	1460
1459	1460	1457
1460	1457
5594	8649	28956
1326	10914	5970	5966	79155
6118	6117	6119
4794	1147	9043	4790	4792	9276	4791	5970	5966	10318	79155	8517
2547	7520	6118	6117	7158
1654	1147	4790	4792	1326	6207	6156	2969	4791	5971	6128	5970	5966	4793	79155	2734	8517
3551	1147	10849	25885	4790	4163	10128	4528	3838	5437	5441	6500	4791	5970	5966	10788	8454	4793	5134	64425	84172	9462	23291	51082	8517
3551	3320	3326	11140	57805
142	2547	7520	7486
10592	10051
8243	9126
7515	3980	11284	55775
8813	8818	54344
5000	2547	7520	4999	23595	23594
1977	1973	1981	8569
6925	1499	7341	2033	10013
6925	1499	2033
6925	1499
6925	1499	1387
3551	1147	3320	3326	2091	6124	6207	6205	6156	6132	6128	11140	9020	8517
7428	6921	6923	23032
6885	3320	3326	2289	10454	11140	257397	23118
3320	3326	2289	9641	11140	3895
7428	6921	6923
5702	7428	3091
79658	1495
10956	3091	54583
10956	3091	112399
10226	3482	9367
999	1499
6714	9564	5747
283989	80746	116461	10978	79042
283989	80746	10978
1147	3326	2289	4793	11140
1147	3320	3326	200081	4793	11140	55054	None	29110	8517
1019	595
7157	2547	580
2114	6597	6598
27429	9113	331
5829	2017	50807
999	1163
999	6502
7157	7528	4193
1793	9844
9844	1794
5879	1793	9844
1398	1793	9844
8087	27161
996	8881	51434
5430	2962	3192
7068	6257
472
64167	51752
25801	6717
6717
10579	8850	10460
1958	2033
6895	27161	23405
3692	6130	6895	4343	27161	23405
6176	6181	6165	6129	6137	6136	6144	6158	6164	9045	3692	6138	6155	6168	6130	6156	4736	6161	6135	6143	6142	4343	51187	23405	25873
6895	27161	23405
405	3091
1649	57761
5896	5897
10492	2597	2058	23521
6874	8972	1876	6872	3308	6878	3054	11091	4297	5929	6879	6880	125476	284058	124944	27043	26121	10445	6045	51230	26168	84148	57680	54881	9070	8607	81887
5265	1991
12	1511
5265	1511
672	79184	675	5888	9577
3799	23207
4803	4914
4804	4908
2902	7074
1901	3352
3352
3350	3352
3351
3350	3351
3352	3351
9568	3350
3350	2849
3350	1903
3350
3350	1901
5071	3303	3308	9529
4803	4804
8841	29123
5885	8243	23244	113130	23047	9126
3084	64375
2057
1398	2889
2056	2057
7913	10921	10189	10250	9939
219541	9443	9282	4976	9862	10001	9441	9412	6837	5469	9442	23389	81857	112950	90390	51586	84246	54797	9477	29079	9440	55588	400569	9969	9439	10025	51003
54797	9477	55588
4790	5970
4790	5970	8648
4790	4792	5970
4794	5970	5966
5970	5966	4793
4792	5970	5966
355	8772	841
4792	5970	150684
4790	4792	5970
9391	64210	51647
3611	9459	29780
9459	29780
8726	7528	2146
8535	648	1911	6015
648	1911	1912
8726	2146
596	None	23770
7186	329
4055
7132	7186	329	8717
56288	50855	23236
5331	56288	50855
7186	8717
7186	8772	8717
9133	983
983	891
983	5111	891	1647
4616	983	5111	891
10912	983	5111	891
3592	3593
3593
983	891	899
983	891	5727
890	1017
983	890
998	84612
983	890	1017
898	1017
9021	3716	3572	8543	5781
6772	1387
2494	8431
1270	1271	3572	3977
3976	3572	3977
4605	5933	5928	91750	286826	132660	55957
5928	91750	286826	132660	55957
5934	5928	1874	91750	286826	132660	55957
4627	2010	60	4643	6709	1266	4008	80143
2010	60	9111	6709
2010	60	9111
4000	4001	2010	60	9111	6709
8841	8815	5933	2010	60	None	3024	3065	4008
4000	5925	4001	4173	4171	2010	None	3192	3024	708	5934	9111	4175	79595	140836
8815	9406	51691	6741	4001	7529	2010	60	3190	7531	6632	10146	11140	79595	56647	57819
10284	8841	4001	5933	2010	60	None	5934	6598	10155	9111	3065	6709	1108	6601	6599	90665	79718	84661	140836	29079	23186
10212	51691	7067	1152	3191	4001	10971	8826	2010	3068	60	3190	7531	6632	3192	3024	708	5934	3609	9111	27250	8539	23592
3320	1026	63943
2534	1742	2903
9232	9700
983	9700
8829	9855	5361
8829	5362	9855
8829	9855	55558
8829	9855	91584
64218	23129
81	57554	815
5925	1869	1053
8829	23129
8829	10512	23129
10154	8482
5364	10507
5925	5987
8829	5361
8829	55558
8829	5364
8828	5361
7516	5888
7415	55829	79139
7415	10952	7353
8829	80031	5361
10673
8467	11176
1786	3065	1789	11176
8470	867	2185
3275
3693	5747
6714	867	26578
4846	857
3320	4846
3320	4846	207
867	30011
867	30011	6456
867	30011	6457
6908	9013	9015	9014
8517
8829	7424
8828	7424
2277	8828
8829	2277
7046	7048	4088
6908	5430	60
8828	2324
8829	5361
8829	10371	5361
150	2891
150	2891
8837	598	841
7341	10055	10054
10055	10054
10048	5361
5362	10048
55558	10048
10048	91584
1400	64780	5361
861	865
1003	1499	3791	7082
8837	8772	841
8837	355	8772	841
355	8772	841
9817	4780	192111
8772	841	355
2554	2566	2561
7157	596
7157	598
317	842	54205
4170	578
8517
3551	8517
1147	8517
6622	11315
89941	65018	22906
89941	22906
5071	11315	65018
9131	5478
3551	1147	8517
3326	11140	120892
204	8772	843
355	8772	841	843
355	8772	841
355	8772	843
2099	7416	857
322	3065	57616
673	5605	7531	5604
5894	7531	5604
5518	5519	1973	5515	51400
5894	673	7531	5604	8844
8844
5894	673	7534
5894	5604	8844
673	5604	8844
3265	5894
5894	673
5894	10256
673	10256
10256
5894	6714	10256
10972	5663	23385	51107	55851
3326	120892	10273
8772	841	120892
5534	5530
7334	7335
None	None	None
4137	3312	7322	10273
None	None	None	None
None	None	None	None	None
None	27185
None	None	27185
5142	27185
9531	3312	26353	10273
6794	92335	51719
27242	351
22891	27185
7498
2099	6667
2099	1051
2099	23426
None	None	None
None	None
80169	100134934	79991
25	2017	4638
1636	3306	10130
7917	3306
6517	1213	9744
9146	81	10612	4645
22936	904	905	4300	1025	4299	8178	4298	85403	80237	27125
340152	80149
367	2100
10555	26580
10555	23175	26580
23175	26580
4000	4800
3725	467
51248	144100
1410	6331
7026	4205
280964	281913
617955	280964
7784	284359
183	5553
5553	5069
183	718	5553
6786	59341
84376	84067	29911	64400	51361
6853	5515
4247	84649
3312	573
3303	573
64601	51361
57617	51361
23339	51361
27072	51361
29911	64601
27072	29911
84376	64601
27072	84376
64601	64400
64400	57617
27072	64400
4193	7874	1616
9811	9775	22916	8662	4686	65109
6184	6185	821	1650	3703	7415	55829	79139	51009	58515
10989	440574	54927
5994	8625	5993
6247
2512	2495
5987	7874	54551
1437	1438	1439
51053	81620
3838	1434	5901
3838	3837
5901	3837
387103	80152
201254	378708
201254	387103	378708	80152
8815	7112	140836
8815	140836
None	None	146059	79711	25842
1147	8517
5565	5563	53632
5565	5571	5562
5565	5571	5563
8795	8743
5515	4026	None
8563	80145	79228	57187	9984	84321
92482	27241	55212	129880	582	123016	585	583
1398	9564	998	10188
27241	55212	582	583
92482	123016	585
10640	11336	149371	54536	60412	55770	55763	23265
10640	54536
10640	54536	23265
283	6050
79989	8100	90410	150737	76779	26146	28981	80173	11020	64792	56912	55081	57560	26160	51098	51668
79989	8100	150737	28981	80173	11020	64792	56912	51098	51668
90410	76779	26146	55081	57560	26160
10059	8772	843
1956	6714	64866
55072	10616	81858
5518	28227
6801	5518	5515
5518	5515	29966
6790	9212	3619
2770	29899	89958
9896	200576	9627
4193	7874	None
7157	7874	None
5859	5917	9255
3845	3326	6300
3481	3485
8878	55349	84557
8038	3690	3685	4323
4641	8467	23451	7913	2074	10514	9188	9031
8943	160	10369
2890	1173	10369
2890	10947	10369
2891	1173	10369
2891	10947	10369
4609	7022	10765
367	1499	56998
4860
8601	4543	2770
4543	4544
8601	4543	4544
2801	64689
7456	7454	81704
9681	8131	10641
6396	79726	81929	84219	54468
9681	6396	8131	79726	10641	81929	84219	54468
5430	8189	29101
10125	3265	8525
5077	10155	83933
889	9270	83605
889	4215	83605
8766	51143	8517
9776	8408	9821
9776	9706	9821
9776	8408	9821	60673
8452	65125	26249
7043	7048
2353	3725	4150
6990	8655	6993	23386	79659	51626	83657	55112	255758	89891	140735	83658
3065	84962	2672
79947	116150
6446	4137	10971
3066	84962	2672
8841	84962	2672
7015	1736	23293	55135	55505	55651	54433
5108	585	22994
6950	22948	7203	10694	10575	10576	166379	55212	79738	8195
2932	55294	1441
10651	4580	10989	440574	125988	139322	84303	79135	55735	54927	25813
5331	9351	9170
2099	3480	6464
8766	22841	4645
2995	2035	4354
10989	440574	125988	139322	84303	79135	54927
1437	1438	1439
203286	27031	284086	27130
7399	84059	79955	25861
8825	1739	143098
4171	None	None	6426
1739	143098	55327
10174	1499	9231
8452	65266	26249
8452	26249
6921	6923	8065	140462
28514	1000	1499
2039	23345
3073	3074
3074
2159	2155	7035	2152
5980	51426	51455	10459
4738	55666	7353	51667
10456	207	2017	10672
10572	6885	331
6513	119	2039
10456	292	5245	7417	11331
51366	1642	8445	9730
8451	1642	54541	8945
10456	331
23109	9863	30011
5590	780	23286
930	1380
1540	9825
7450	2811
2002	2005	2313	None
7157	983	1026
283742	1653	79074	51637	51493
4641	8467	23451	7913	2074	10514	79925	9188	9031
5885	8243	1663	9126
11169	5111	114799	63922	1663	79075
23481	23246	55661	55759
5873	3831	94120
2926	22907	60493	55794	22868
10522	2547	7520
25983	79954	26574
60561	10445
834	838	22861	29108
9229	1742	85358
834	114548	29108	22900
834	55655	29108	22900
8518	54859	55250	23587	26610	55140
6327	6326
1499	4301
1786	1499
1500	1499	1009	154796
607	1499
8085	5929	22976	5308	9070
5829	5058	8874	28964
261734	79960
8312	1499	10413	80854
3551	1147	6885	7124	7132	7186	330	8737	10318	8717	10454	55072	10616	23118	8517
1786	10155	9869	57343
7124	7132	7186	8737	8717
7082	5317
8312	2932	2305
8312	324	1499	2932
1499	6659	2033
2911
2912
2914
2917
3161	1499
2918
9124	999	1499
2912	2914
6925	1499	58495
310	6717
2912	2917
2918	2912
2913	2914
2917	2913
2918	2913
3065	91748	3066	116092
2280	5534	5530
10016	553115
4867	261734	9564
23355	9392	65082	64601	55823	57617
27072	65082	23339	64601	55823	57617
26276	63894
54331	2782	115207
54331	2782	386617
54331	2782	57528
23019	4849	4848
23019	1656	56478
3312	3337	5611
3320	3312	7266
3320	23057
6789	60485
6788	60485
4512	6834	28958
4512	389203
4100	11074	54780
6790	10013
5155	5159
8772	8737	841
2647	55330	26258
23557	282991	84062
2243	2244	2266
712	713	714
3065	3066	84215	116092
9869	1788
9869	1789
1385	468
51062
51062	65055	6683
64225	65055
25923	65055
8557	7273
11339	55320	54069
23354	79441	54801	219072	115106	55559	93323	55142
495	496
9568	2550
6337	6338	6340
6338	6340	6339
1143	1135
8481	9851	123811
4512	4513	4514	1345	1327	9377	6834	1355	152100	84987	29090	55744	51241	28958
23309	3065	54971	25942
23309	5933	5934	3065	54971	25942
100287932	92609
100287932	3284	92609	56993
367	64800	11315
367	4117	8202
1678	26517
402	6904
100287932	10440
11091	4297	5929	9070
100287932	10245
55275	6293	55610	738
4221	8085	8473	11168	3054	11091	5929	84661	9070	29915
7403	11091	23054	5929	22976	58508	79447	84661	9070
4221	8473	3054	11091	4297	5929	84661	9070
55275	6293	51542	738
4814
8085	7403	11091	23054	5929	22976	79447	84661	9070
27095	79090	6399	7109	100128327	60684	122553	126003	51112	83696	51693	51399	22878	58485
9739	8473	3054	11091	5929	80335	84661	30827	9070	29915
8473	3054	11091	5929	80335	259282	91272	84661	30827	9070	23067	29915
596	8678	5289	30849	7405
221154	90550	10367	91689	55013
8029	81693
10613	11160	81790
9839	23028
8029	2694
100287171	9897	23325	51019	253725
9318	2873	8450	1642	51514
832	829
100287171	832	829	9897	23325	51019	253725
7428	6921	6923	3091
8451	1642	51514
7089	8450	1642
8726	8451	1642
11091	8451	1642
8450	1642	80232
8451	5929	1642
8451	1642	54554
8451	1642	9410
8451	1642	80349
8450	1642	83743
5009	9804	56993
9868	10452	9804	401505	100188893	56993	54543
10452	56993	54543
6654	2059	10006
6654	10006	54869
2099	2033	8648
6654	10006	64787
6654	10006	79574
2065	3897
2064	3897
488	5350
7431	5595	3838
488	5350	3611
3320	3611	11140
4087	23592
6588	487
6588	487	5350
6588	488	5350
488	3836	801	815
146057	22897
80212	22897
124590	10083
23239	7398	207	23035	57599	2177	55215
64072	10083
7415	23190	29979
2737	22873
118813	51062
3798	118813
219699	23284	23767
137970	23284	23767
23284	23767
4647	79955
22873	22897
7249	8925
8100	22873
118813	65055
7905	118813
118813	9218
2876	8991
51473	9479
7088	8451	1642
3799	118813
7090	8450	1642
3800	118813
3798	9230	118813
8766	118813
9230	118813
6836	118813
10313	118813
9217	118813
80131	23507	55144	56262	84230
23363	9820	83987
118813	6683
3753	3757
23363	7157	9978	9820	23113	26259	83987
3757	9992
7391	7392
56262	84230
55144	56262
80131	56262
57053	55584
79809	57728	9742	55764	57539
1003	2324	3791
10211	867	10580
1869	7027
1017	8900	1869	7027
2309	1387
3320	10728
25	9564	10006
80184	9738
80184	9657
80184	57545
1500	84662
4867	5310
5310	129880	582	123016	585
9907	91056	23503	80208	55745	55317
23363	9820	83987	57763
118813	64225
5818	51248
51248	25945
118813	25923
6253	6683
4356	23705	23136
4771	23286
6521	288	57127
4245	23443
4751	6788	60485
4247	23443
11282	23443
7355	11282
9907	91056	55745	55317
4249	23443
219333	57599	91833
64854	57599	91833
219333	57599
64854	57599
7398	57599
100287171	28952	54520	57020	170622	149951	51122	150684	28991	54939	54951	29099	23412	253725	51397
5255	801	5260	5257
10474	6881	56970	93624	2648	51616	23326	8295
4953	595	4946
8464	10474	27097	9913	100	6881	56970	6883	6880	127002	93624	55578	2648	112869	51616	222255	23326	8295	10629
28952	8453	150684
28952	54520	57020	170622	149951	51122	150684	28991	54939	54951	29099	23412	51397
4089	4087	25937
51586	25937
4088	4089	25937
80333	3752
10413	25937
25937
2033	8850	6910	25937
10060	3767
1499	10413	6910
6871	10474	11091	1810	26009	2648	112869	57325	51562	55689
28952	8454	54951
28952	8452	54951
261734	9113
284086	25937
6314	8464	10474	27097	9913	6881	56970	6883	6880	93624	55578	2648	117143	112869	79595	56943	23326	8295	10629
6885	6871	10474	11091	1810	9898	26009	2648	112869	57325	56655	54107	51562	55689
169792	51684
8546	4734	832	1785	829	1213	9897	23325	23307	387680	9138	9181	85440	55361
5052	55361
10971	25937
1499	84662
1856	261734	23322	27130
91147	54903
91147	23224
7124	7133	63929
3597	26146
22954	84662
22954	84062
4734	55361
1213	55361
55361	26258
1855	55361
166379	8195
402	6904
3784
1855	8395	55361
9368	3579	5331
203068	7846	6904
3784	9992
3784	10008
823	3326
8395	55361
3784	23704
3784	23630
826	823
3786	3785
203068	402	6904
6905	7846	1155
203068	402	6905	6904
6789	6788	9231
3786	56479
9132	801
2316	27145
29984	27145
29984	123720
10096	123720
56850	23426
5810	3364	5883	83695
3579	8826
3579	7532
3579	7408
11073	83695
5810	3364	144715
5810	144715	135458
3757	10280
23532	8453
5111	8338	8349	30836
23532	6921	6923
6790	56623
5147	6103	56623
9775	4116	23049	65109	26019	9939
4867	54806
9001	54806
358
3778	389816
4867	54806
6396	8131	23334	79726	10641	81929	84219	54468
23334	55846	144577	11133
332	5921	9212
3588	3587
23019	4849	9125	246175	25904	4848	29883	55571	57472
9096	57057
7088	57057
7090	57057
3066	57057
9722	23513	81839
5058	8874	23513	28964
5058	8874	23513	28964
7319	23352	56888
7416	10105	6687
5420	7430	53405
7430	9351	100505385
81	6550	9351
9368	81
9368	1956	5728
9368	5590
9368	7430	6569
9368	7430	5174
9351	7205	9170
10572	9170
10572	8698
10572	9170
4233	3691	1901
5578	1901	5595	5594	3791
9294	5578	5595	5594	3791
5578	5595	5594	3791	1903
5578	5595	5594	3791	53637
1901	409
2771	3480	7852	2782
148	7852
153	7852
1815	8452	59349
9776	8408	22863	5289
9978	6500	8454	84893
8542	3250	718	335
8542	3250	3507	335	2335
5950	7276
5304	563
1356	4057	4353
1356	4057
1356	4353
6279	6280
6279	6280	4843
2260	152831	26291
9965	2264	152831
2264	152831
2260	152831	26291
2264	152831	26291
2260	152831
2264	152831
10492	6780	6154	6194	4904	3192	1660	1994	10642
3932	2041	5295	2185
56946	57805	63925
11091	5929	63925	9070
57805	23411
284695	57805
359948	26145	64207
11091	5929	84661	9070
11091	5929	9070
11091	4297	5929	84661	9070
10419	861	865	55352
10419	55352
27043	57418	26168	54881	81887
79707	27043	57418	26168	54881	81887
23481	23246	55759
27043	57418	54881
10419	2079	3276	79084	26097
11160	3309	7184	682	10956	84447	23197	27248	51009	51439	6400	51465	550
8924	7337	5597	84461
4594	166785
8266	7917	51608
2908	11335	10919
2908	11335	79813
11160	83590	267
3638	340061	267
7917	23197	267
9978	8451	1642	51185
2131	2132
2189	2175	2176	80233	57697	2187	91442	2178	2188	55120
80233	2187	55120
10956	23197	6400	51465	550
8312	10542	526	527	523	5571	9114	389541	5562	6794	55004	8649	28956	5564
7249	7248	107080638
5297	145567	23708	84668
51535	54737	23272
7283	10426	85378	114791	10844	27229
9391	292	2068	64210	51647
9391	64210	64428	51647
9391	64210	51647
6500	8454	26267
9978	6500	8454	26270
9978	6500	8454	115290
9978	6500	8454	126433
9978	6500	8454	93611
3654	57162	51135	7189
2932	55294	1045
1499	10979	6934
1499	4904	10979
3690	2246	2260
8726	2146	26147
2006	2200	2199
2006	2200	10516
2241	5747	2017
3987	3611	55742
3611	55679	55742
4323	9564	5747
5594	5829	5747
5829	54538
5058	8874	9815
207	2308	115825
6844	5590	115825
10155	146198	50943
10419	6615	84962
5590	8878	7189
4609	2648	8295
2648	8295
5595	5594	5829	9181
4041	23554	4693	8322
4040	5741	5745
8549	4040	7855
672	5888	580
3418
3420	3419	3421
3688	3958	3675	1464
2676	5979	9048
345643	51053	81620
5864	1121	5875
1665	6936	None
10539	107984053
283459	5188	55278
1780	1639	23299
1499	54994
8312	2932	54994
10558	9517
10558	9517	55304
10558	165679	55304
10558	171546	55304
10558	9517	165679
10558	9517	171546
3725	80758	55294
10558	94103
5757	65108	60	6418
5757	5682	8125	5250	708
5757	8125	10541
5757	8125	8766	10541
5757	6418
7414	5747	55901	7094
23191	51225	10163
3690	2246	3685
23542	9479
8985	9370	79709
1956	10402
22929	71787	22928	51091
5352	60681
832	93661
3064	5142	27185
5518	5520	5515	116443
10399	83706
3688	10399
3689	10399
2782	2770	2792
2783	2770	2792
2784	2770	2792
2770	2792	59345
10681	2770	2792
54331	2782	2770
54331	2783	2770
2784	54331	2770
54331	2770	59345
10681	54331	2770
2782	2770	2785
2783	2770	2785
2784	2770	2785
2770	2785	59345
10681	2770	2785
2908	5976	55802	55629
2786	2782	2770
2786	2783	2770
2784	2786	2770
2786	2770	59345
10681	2786	2770
2782	2770	2787
2783	2770	2787
5594	644	5580
6755	5331	5174
6751	5331	5174
6752	5331	5174
6753	5331	5174
6754	5331	5174
3467	3454	3455
3440	3455
3440	3454	3455
7097	7096
7097	7096
8554	7341	7329
7334	7336	55611
5095	5096
889	5908	57493
2784	2770	2787
2770	2787	59345
10681	2770	2787
10725	25937
140775	203228	55255
140775	203228
9776	8408	9821	140775	203228	60673	55255
2788	2782	2770
2788	2783	2770
2788	2784	2770
2788	2770	59345
10681	2788	2770
2782	2770	94235
2783	2770	94235
2784	2770	94235
2770	59345	94235
10681	2770	94235
2790	2782	2770
2790	2783	2770
2784	2790	2770
2790	2770	59345
10681	2790	2770
2791	2782	2770
2791	2783	2770
2784	2791	2770
2791	2770	59345
10681	2791	2770
2782	2770
2783	2770	55970
2784	2770	55970
2770	59345	55970
10681	2770	55970
9776	8408	9821	60673
2782	2770	51764
2783	2770	51764
2784	2770	51764
2770	59345	51764
10681	2770	51764
2782	2778	2792
2516	427
5660	2516	427
6674	54919	55172
9212	7443
6657	7443
4683	7443
4683	9025	7443
7345	5396
7345	51450
5340	3482	5329
3482	5329
5328	3482	5329
5340	5328	7040	3482	5329
149041	57532
5328	5329
6470	23172
6472	23172
5747	2886
3313	134266	80273
134266	80273
3313	80273
3313	134266
10469	3313	134266	80273
5576	2932	51527
5576	2932	51527
5577	51527
10059	5576	2932	51527
28952	54520	57020	150684
28952	54520	57020
54520	170622	150684
54520	57020	150684
100287171	28952	54520	57020	253725
7415	79139	58515
10427	10484
10427	6720	22937	10484
10427	10484	10113	51128	11196
7415	55829	51009
2783	2778	2792
2784	2778	2792
2778	2792	59345
10681	2778	2792
54331	2782	2778
54331	2783	2778
2784	54331	2778
54331	2778	59345
10681	54331	2778
2782	2778	2785
2783	2778	2785
2784	2778	2785
2778	2785	59345
10681	2778	2785
7249	7248
1855	7249
1855	8312	7249	2932
2786	2782	2778
2786	2783	2778
2784	2786	2778
2786	2778	59345
10681	2786	2778
2782	2778	2787
2783	2778	2787
2784	2778	2787
2778	2787	59345
10681	2778	2787
2788	2782	2778
2788	2783	2778
2788	2784	2778
2788	2778	59345
10681	2788	2778
2782	2778	94235
2783	2778	94235
2784	2778	94235
2778	59345	94235
10681	2778	94235
7157	4193
891	899
2729	2730
2790	2782	2778
2790	2783	2778
2784	2790	2778
56922	64087
4144	27430
23019	4849	9125	85456	25904	4848	29883	55571	57472
2790	2778	59345
10681	2790	2778
2791	2782	2778
4143	27430
100287932	1678	26517
2791	2783	2778
2784	2791	2778
2791	2778	59345
10681	2791	2778
2782	2778	55970
2783	2778	55970
2784	2778	55970
2778	59345	55970
10681	2778	55970
2782	2778	51764
2783	2778	51764
2784	2778	51764
2778	59345	51764
10681	2778	51764
23019	4849	9125	246175	85456	25904	4848	29883	55571
23019	4849	9125	85456	25904	4848	9337	55571	57472
23019	4849	9125	246175	85456	25904	4848	9337	55571
2547	7520	5591	84062
64429	58515
339287	10943	84148	55167
8473	3054	11091	284058	10445	51230	84148	54934	55683
2068	64210
64210	51647
3054	57215
9219	1108	7291	5931	3066
9229	10395	4644
9229	1742	140735
1813	27185
6310	23152
1139	2902
1139	2903
6622	10381
57096	55812
6790	3265	5894
302	5243	6714	10399
2099	4193
4194	2099
4281	5515	3476
23774	23522	84289	7994	64769
23522	84289	7994	64769	27154
11143	84289	64769	23338
11143	84289	9767	64769
5243	7980	55012
3054	7702	57215
3054	57215
3030	3032
64241	64240
481	361	3766	None	59341	54212
4835	207
1738	1743	4967	2648
481	361	3766	220296	None	59341
3303	1213	8925
406	4862
406	9575
406	3091
406	2034
596	493856
1369	1370
274	4218	23301
2237	7486
2113	5396
3320	5315	2932
10614	2547	7520	6421	9782	5591	4841	55269	100526737
151636	83737
9146	8027	9516
4040	6382	51129
4040	6383	51129
4040	6385	51129
8892	8893	8891	8890
8892	8893	1967	8891	8890
3727	6890
2067	7507	6117
8662	9827
5757	5682	8125	60	5250	708
292	5757	5684	8125	10541
5584	117583	50855
8726	3090	23512	2146	26147
100	1803
1906	1909
3586	3587
406	9575	1407
2099	1499
57488	23344
83850	23344
4790	6774
6774	5970
1655	1499	3068
2207	26253
2206	26253
3094	10524
997	3094	9978
6667	3094
861	2033	28996
387	5879	57216
5872	85377
7538	3184
677	3184
678	3184
8727	1837
22871	9378
27185	22906
55288	27185
23517	55596	10179
2064	9518
142	3980
8473	3054	171023
3600	4240
7706	9908
4891	23327	80762
7037	7018
369	5295
6495	2138
2138	10736
11104	10300	84056	79768
23135	11091	5929	9070
9978	8452	9817
8452	147040
8452	200845
8289	10419	86	6595	6597	6601	55274	6599	6605	6602	29117
6595	6597	23512	29117	54496
6602	79084	29117
23512	2146	29117
10419	6595	6597	55274	6605	29117	55824
91433	79831
441161	126206	154288	79816
2534	5335	10657
5725	3187	8570	58155
5245	7290	29855	23523
8473	7290	29855	23523
83666	151636
6772	83666	151636
860	59269	11059
8467	51773
1059	3018	1058	None	1060	6749	91687	55355	2491	80152	55839	221613	51773	64946	11198
3737	3736	8514
23421	401541	79682	55166	91687	2491	55839	64105	79172	64946	79019
9211	53616
5315	6720
340061	29110
8841	207	26060
8940	81550
408	23370	55740
10419	822
1058	None	55355
2706	5747	79923
10228	1080	57120
3098	7416
7157	100289087	7874
100289087	85453	7874
55165	10848
5499	10848
6093	57611
5007	8766	57614
1386	3098	7416
9692	54931	None
54931	None
201163	57600
3832	114803	8850
9493	29127	1894
9493	29127
5781	51361
4218	5108	29911
5394	5393	23404	23016	118460	115752	11340	10200	54512	56915	51010	51013
5584	56288	29911	50855
147700	29911	136332	85376
2741	2743
2554	2566	2561
2563	2554	2561
8906	1174	162	8907
4253	375056	10113
5347	8655	151246	10615	90417
8841	9611	3007	9612
1861	26092
400	23647	375	5311
3037	3036
3038	3037
8841	84062
4779	112398	10891
3161	960	5595	5594
3745	9992
3753	3745
3815	9173	3556
3815	3556
22937	6721	152559
22937	6721
22937	152559
6721	152559
9978	8452	55975
8452	57563
3638	22937
3638	152559
10016	8452	59349	553115
9978	8452	55958	90293
9978	8452	27252
9978	8452	54800
8452	64410
351	7416
8452	57542
4072	1499	2274	51176
960	4035
8473	55904	7874
9183	9735	55055
10403	11130	147841	57082	79003
6693	3837	None
4040	22943	83999
23557	2647	282991	118426	119032	729991	54785	79036
989	5597	8550
8270	112858	55644	51002
9978	23532	8453	8270	6921	6923	55644
8976	1856	1729	5605	8826	5829	5604	5747	55366	84870
29899	387755	56288
10810	10787
5879	10810	10787
26986	23367	55337
8549	284654	54894
904	10614	1025	51574
9066	7341
6478	7791	26524
351	5663
351	5664
7428	6921	6923
322	351	10524
None	54537	149840	10459
351	9968
6416	4077	4215
9443	9282	9862	10001	2099	892	1024	2033	9412	5469	8648	9968	84246	9477	9440	9969	9439	10025
9443	9282	9862	10001	892	1024	2033	9412	5469	8648	2100	9968	84246	9477	9440	9969	9439	10025
892	1024	9968	9969
892	1024	9968
892	1024	9969
2099	2308
2309	351
351	2308
351	4303
5606	11214	5585	1432	51776
